{
  "Name": "levels/xp3_valley/xp3_valley",
  "PartitionGuid": "b72e95fe-1681-11e1-8c62-84eae0530135",
  "PrimaryInstanceGuid": "f6e7241c-ceb7-2f31-751b-2ad9bbb7b612",
  "Instances": {
    "00306108-db34-b6e1-82c7-a604a82053be": {
      "$type": "RigidMeshEntityData",
      "IndexInBlueprint": 65535,
      "IsEventConnectionTarget": 3,
      "IsPropertyConnectionTarget": 3,
      "Transform": {
        "right": {
          "x": 1.0,
          "y": 0.0,
          "z": 0.0
        },
        "up": {
          "x": 0.0,
          "y": 1.0,
          "z": 0.0
        },
        "forward": {
          "x": 0.0,
          "y": 0.0,
          "z": 1.0
        },
        "trans": {
          "x": 0.0,
          "y": 0.0,
          "z": 0.0
        }
      },
      "Mesh": {
        "PartitionGuid": "b3918698-815b-26e7-1968-604d30ed6ca1",
        "InstanceGuid": "462a9916-051f-18ed-c6c8-626a34d55fc7"
      }
    },
    "00500e54-daae-190a-2102-13bb576996ea": {
      "$type": "RigidMeshEntityData",
      "IndexInBlueprint": 65535,
      "IsEventConnectionTarget": 3,
      "IsPropertyConnectionTarget": 3,
      "Transform": {
        "right": {
          "x": 1.0,
          "y": 0.0,
          "z": 0.0
        },
        "up": {
          "x": 0.0,
          "y": 1.0,
          "z": 0.0
        },
        "forward": {
          "x": 0.0,
          "y": 0.0,
          "z": 1.0
        },
        "trans": {
          "x": 0.0,
          "y": 0.0,
          "z": 0.0
        }
      },
      "Mesh": {
        "PartitionGuid": "623e6115-6443-3e16-11f2-dea5bb6fa952",
        "InstanceGuid": "b6f8acae-040f-11de-beed-ff559017a74c"
      }
    },
    "0111db71-2cab-5319-cd9f-74c9731c29e3": {
      "$type": "CompositeMeshEntityData",
      "IndexInBlueprint": 65535,
      "IsEventConnectionTarget": 3,
      "IsPropertyConnectionTarget": 3,
      "Transform": {
        "right": {
          "x": 1.0,
          "y": 0.0,
          "z": 0.0
        },
        "up": {
          "x": 0.0,
          "y": 1.0,
          "z": 0.0
        },
        "forward": {
          "x": 0.0,
          "y": 0.0,
          "z": 1.0
        },
        "trans": {
          "x": 0.0,
          "y": 0.0,
          "z": 0.0
        }
      },
      "Mesh": {
        "PartitionGuid": "680376e7-68c0-c2a4-9685-de5cdece6271",
        "InstanceGuid": "058a2a8b-d4e2-47bb-957c-508125e23184"
      }
    },
    "04c45c1f-b7b0-0ec6-04df-d1f0ba5fdc50": {
      "$type": "RigidMeshEntityData",
      "IndexInBlueprint": 65535,
      "IsEventConnectionTarget": 3,
      "IsPropertyConnectionTarget": 3,
      "Transform": {
        "right": {
          "x": 1.0,
          "y": 0.0,
          "z": 0.0
        },
        "up": {
          "x": 0.0,
          "y": 1.0,
          "z": 0.0
        },
        "forward": {
          "x": 0.0,
          "y": 0.0,
          "z": 1.0
        },
        "trans": {
          "x": 0.0,
          "y": 0.0,
          "z": 0.0
        }
      },
      "Mesh": {
        "PartitionGuid": "21253d5b-e5eb-1bbe-369d-5786e886de5d",
        "InstanceGuid": "568e0c8d-c3a3-b53c-5ec2-7f32e98cfa27"
      }
    },
    "06514eda-30d6-375e-eeb7-7a90fa037a2d": {
      "$type": "RigidMeshEntityData",
      "IndexInBlueprint": 65535,
      "IsEventConnectionTarget": 3,
      "IsPropertyConnectionTarget": 3,
      "Transform": {
        "right": {
          "x": 1.0,
          "y": 0.0,
          "z": 0.0
        },
        "up": {
          "x": 0.0,
          "y": 1.0,
          "z": 0.0
        },
        "forward": {
          "x": 0.0,
          "y": 0.0,
          "z": 1.0
        },
        "trans": {
          "x": 0.0,
          "y": 0.0,
          "z": 0.0
        }
      },
      "Mesh": {
        "PartitionGuid": "57c45c4d-fdaa-92fe-2bb0-d72b7f9df29c",
        "InstanceGuid": "03a8ddda-1b6c-0ea7-345e-53d49601a9ac"
      }
    },
    "06ad560c-9ff1-05fc-6494-1b3f257580c8": {
      "$type": "CompositeMeshEntityData",
      "IndexInBlueprint": 65535,
      "IsEventConnectionTarget": 3,
      "IsPropertyConnectionTarget": 3,
      "Transform": {
        "right": {
          "x": 1.0,
          "y": 0.0,
          "z": 0.0
        },
        "up": {
          "x": 0.0,
          "y": 1.0,
          "z": 0.0
        },
        "forward": {
          "x": 0.0,
          "y": 0.0,
          "z": 1.0
        },
        "trans": {
          "x": 0.0,
          "y": 0.0,
          "z": 0.0
        }
      },
      "Mesh": {
        "PartitionGuid": "98394057-cf21-1f4a-9af3-e5f0fc8f6932",
        "InstanceGuid": "fa918103-c691-90f9-8afb-e1f3dc88550b"
      }
    },
    "06f6121e-e692-46ff-8ce8-a76fb7292b25": {
      "$type": "WorldPartReferenceObjectData",
      "IndexInBlueprint": 34,
      "IsEventConnectionTarget": 3,
      "IsPropertyConnectionTarget": 3,
      "BlueprintTransform": {
        "right": {
          "x": 1.0,
          "y": 0.0,
          "z": 0.0
        },
        "up": {
          "x": 0.0,
          "y": 1.0,
          "z": 0.0
        },
        "forward": {
          "x": 0.0,
          "y": 0.0,
          "z": 1.0
        },
        "trans": {
          "x": 0.0,
          "y": 0.0,
          "z": 0.0
        }
      },
      "Blueprint": {
        "PartitionGuid": "485fa879-af98-49a4-8133-11e1437f0673",
        "InstanceGuid": "616d65eb-7555-4643-81b1-fc51da2f3b76"
      },
      "ObjectVariation": null,
      "StreamRealm": 0,
      "CastSunShadowEnable": true,
      "Excluded": false
    },
    "0739e1bb-f479-40e3-846d-590513fea9da": {
      "$type": "WorldPartReferenceObjectData",
      "IndexInBlueprint": 35,
      "IsEventConnectionTarget": 3,
      "IsPropertyConnectionTarget": 3,
      "BlueprintTransform": {
        "right": {
          "x": 1.0,
          "y": 0.0,
          "z": 0.0
        },
        "up": {
          "x": 0.0,
          "y": 1.0,
          "z": 0.0
        },
        "forward": {
          "x": 0.0,
          "y": 0.0,
          "z": 1.0
        },
        "trans": {
          "x": 0.0,
          "y": 0.0,
          "z": 0.0
        }
      },
      "Blueprint": {
        "PartitionGuid": "9d452085-c584-4a07-91d4-f60f4afa2651",
        "InstanceGuid": "8584be84-784c-4a7c-8e33-48e5ac16d58b"
      },
      "ObjectVariation": null,
      "StreamRealm": 0,
      "CastSunShadowEnable": true,
      "Excluded": false
    },
    "08dcff87-7bcc-07bd-9815-f039c48c195a": {
      "$type": "CompositeMeshEntityData",
      "IndexInBlueprint": 65535,
      "IsEventConnectionTarget": 3,
      "IsPropertyConnectionTarget": 3,
      "Transform": {
        "right": {
          "x": 1.0,
          "y": 0.0,
          "z": 0.0
        },
        "up": {
          "x": 0.0,
          "y": 1.0,
          "z": 0.0
        },
        "forward": {
          "x": 0.0,
          "y": 0.0,
          "z": 1.0
        },
        "trans": {
          "x": 0.0,
          "y": 0.0,
          "z": 0.0
        }
      },
      "Mesh": {
        "PartitionGuid": "f2e9ed90-dffd-9d44-c3c0-b6944d2f48a0",
        "InstanceGuid": "2e4bd1a7-a915-f130-adfc-736437312219"
      }
    },
    "09aeb87b-79c0-1ae2-67fa-a71c5da6dbe9": {
      "$type": "CompositeMeshEntityData",
      "IndexInBlueprint": 65535,
      "IsEventConnectionTarget": 3,
      "IsPropertyConnectionTarget": 3,
      "Transform": {
        "right": {
          "x": 1.0,
          "y": 0.0,
          "z": 0.0
        },
        "up": {
          "x": 0.0,
          "y": 1.0,
          "z": 0.0
        },
        "forward": {
          "x": 0.0,
          "y": 0.0,
          "z": 1.0
        },
        "trans": {
          "x": 0.0,
          "y": 0.0,
          "z": 0.0
        }
      },
      "Mesh": {
        "PartitionGuid": "7867c66a-fd88-9c52-733f-8a3492056fb5",
        "InstanceGuid": "c4c5fe8d-c805-0857-b227-dbac4417cbfc"
      }
    },
    "09e51325-48e8-1c78-5e6e-894267a4b963": {
      "$type": "RigidMeshEntityData",
      "IndexInBlueprint": 65535,
      "IsEventConnectionTarget": 3,
      "IsPropertyConnectionTarget": 3,
      "Transform": {
        "right": {
          "x": 1.0,
          "y": 0.0,
          "z": 0.0
        },
        "up": {
          "x": 0.0,
          "y": 1.0,
          "z": 0.0
        },
        "forward": {
          "x": 0.0,
          "y": 0.0,
          "z": 1.0
        },
        "trans": {
          "x": 0.0,
          "y": 0.0,
          "z": 0.0
        }
      },
      "Mesh": {
        "PartitionGuid": "b1977a23-8010-3bd1-23d6-b6c037d01156",
        "InstanceGuid": "79165047-2cee-8772-be74-d89f581a2429"
      }
    },
    "0d45b745-6a93-c135-921a-98cf06ea293e": {
      "$type": "RigidMeshEntityData",
      "IndexInBlueprint": 65535,
      "IsEventConnectionTarget": 3,
      "IsPropertyConnectionTarget": 3,
      "Transform": {
        "right": {
          "x": 1.0,
          "y": 0.0,
          "z": 0.0
        },
        "up": {
          "x": 0.0,
          "y": 1.0,
          "z": 0.0
        },
        "forward": {
          "x": 0.0,
          "y": 0.0,
          "z": 1.0
        },
        "trans": {
          "x": 0.0,
          "y": 0.0,
          "z": 0.0
        }
      },
      "Mesh": {
        "PartitionGuid": "18fefb60-896d-9301-76bd-4d486f0bf1cd",
        "InstanceGuid": "41db4983-6a72-47a2-898a-a224bc934e28"
      }
    },
    "0f3928f2-b629-c4bf-68d2-d9ab8c9c4c1d": {
      "$type": "RigidMeshEntityData",
      "IndexInBlueprint": 65535,
      "IsEventConnectionTarget": 3,
      "IsPropertyConnectionTarget": 3,
      "Transform": {
        "right": {
          "x": 1.0,
          "y": 0.0,
          "z": 0.0
        },
        "up": {
          "x": 0.0,
          "y": 1.0,
          "z": 0.0
        },
        "forward": {
          "x": 0.0,
          "y": 0.0,
          "z": 1.0
        },
        "trans": {
          "x": 0.0,
          "y": 0.0,
          "z": 0.0
        }
      },
      "Mesh": {
        "PartitionGuid": "135d86a8-afc2-7d58-d0c7-013c9a8a38c9",
        "InstanceGuid": "9abf6697-653f-40fb-8543-e11dd172658b"
      }
    },
    "13bcf7b4-73d2-2718-a7a1-d3373f7f2c35": {
      "$type": "RigidMeshEntityData",
      "IndexInBlueprint": 65535,
      "IsEventConnectionTarget": 3,
      "IsPropertyConnectionTarget": 3,
      "Transform": {
        "right": {
          "x": 1.0,
          "y": 0.0,
          "z": 0.0
        },
        "up": {
          "x": 0.0,
          "y": 1.0,
          "z": 0.0
        },
        "forward": {
          "x": 0.0,
          "y": 0.0,
          "z": 1.0
        },
        "trans": {
          "x": 0.0,
          "y": 0.0,
          "z": 0.0
        }
      },
      "Mesh": {
        "PartitionGuid": "f5d58bf4-85b1-ff83-09c2-81cf6103029e",
        "InstanceGuid": "11684300-c47b-04f7-18c8-9e802f6c50fe"
      }
    },
    "15328561-c719-ac48-4991-cf3494adcb32": {
      "$type": "CompositeMeshEntityData",
      "IndexInBlueprint": 65535,
      "IsEventConnectionTarget": 3,
      "IsPropertyConnectionTarget": 3,
      "Transform": {
        "right": {
          "x": 1.0,
          "y": 0.0,
          "z": 0.0
        },
        "up": {
          "x": 0.0,
          "y": 1.0,
          "z": 0.0
        },
        "forward": {
          "x": 0.0,
          "y": 0.0,
          "z": 1.0
        },
        "trans": {
          "x": 0.0,
          "y": 0.0,
          "z": 0.0
        }
      },
      "Mesh": {
        "PartitionGuid": "3c44ba94-6e6d-6b35-480a-b1ee6516b3f0",
        "InstanceGuid": "e239a7b0-f72c-d316-0098-3ab4b00433be"
      }
    },
    "164a851b-94e0-90ef-a6b6-82dff30c07cb": {
      "$type": "CompositeMeshEntityData",
      "IndexInBlueprint": 65535,
      "IsEventConnectionTarget": 3,
      "IsPropertyConnectionTarget": 3,
      "Transform": {
        "right": {
          "x": 1.0,
          "y": 0.0,
          "z": 0.0
        },
        "up": {
          "x": 0.0,
          "y": 1.0,
          "z": 0.0
        },
        "forward": {
          "x": 0.0,
          "y": 0.0,
          "z": 1.0
        },
        "trans": {
          "x": 0.0,
          "y": 0.0,
          "z": 0.0
        }
      },
      "Mesh": {
        "PartitionGuid": "a85fa865-c129-8a1d-f93e-c0dc70215688",
        "InstanceGuid": "573c3061-bce3-0f0e-57db-58395e34249b"
      }
    },
    "16e36607-451f-081a-85d4-f3bc128c7468": {
      "$type": "RigidMeshEntityData",
      "IndexInBlueprint": 65535,
      "IsEventConnectionTarget": 3,
      "IsPropertyConnectionTarget": 3,
      "Transform": {
        "right": {
          "x": 1.0,
          "y": 0.0,
          "z": 0.0
        },
        "up": {
          "x": 0.0,
          "y": 1.0,
          "z": 0.0
        },
        "forward": {
          "x": 0.0,
          "y": 0.0,
          "z": 1.0
        },
        "trans": {
          "x": 0.0,
          "y": 0.0,
          "z": 0.0
        }
      },
      "Mesh": {
        "PartitionGuid": "6360441f-1cf3-1d3a-c480-b98a4a12e79a",
        "InstanceGuid": "ddbe909e-1e76-8e8d-3b7d-d8e5ef04f14a"
      }
    },
    "1b920e02-2d5c-8374-b222-6f21d13d05b2": {
      "$type": "RigidMeshEntityData",
      "IndexInBlueprint": 65535,
      "IsEventConnectionTarget": 3,
      "IsPropertyConnectionTarget": 3,
      "Transform": {
        "right": {
          "x": 1.0,
          "y": 0.0,
          "z": 0.0
        },
        "up": {
          "x": 0.0,
          "y": 1.0,
          "z": 0.0
        },
        "forward": {
          "x": 0.0,
          "y": 0.0,
          "z": 1.0
        },
        "trans": {
          "x": 0.0,
          "y": 0.0,
          "z": 0.0
        }
      },
      "Mesh": {
        "PartitionGuid": "b0184dd5-c80c-c6fc-69fc-d47d75fa4322",
        "InstanceGuid": "d07a0bf8-0283-11de-89a9-cf46ecb9574d"
      }
    },
    "1ba63961-8c4e-ebf3-43fe-fb4fffb5ff83": {
      "$type": "RigidMeshEntityData",
      "IndexInBlueprint": 65535,
      "IsEventConnectionTarget": 3,
      "IsPropertyConnectionTarget": 3,
      "Transform": {
        "right": {
          "x": 1.0,
          "y": 0.0,
          "z": 0.0
        },
        "up": {
          "x": 0.0,
          "y": 1.0,
          "z": 0.0
        },
        "forward": {
          "x": 0.0,
          "y": 0.0,
          "z": 1.0
        },
        "trans": {
          "x": 0.0,
          "y": 0.0,
          "z": 0.0
        }
      },
      "Mesh": {
        "PartitionGuid": "8899548a-783c-ba7c-864c-01419e5f4c22",
        "InstanceGuid": "1212a4c3-4ca7-6403-7518-28ddcd0d9118"
      }
    },
    "1cb1a224-3189-63a6-112d-3bfe3812d1a1": {
      "$type": "CompositeMeshEntityData",
      "IndexInBlueprint": 65535,
      "IsEventConnectionTarget": 3,
      "IsPropertyConnectionTarget": 3,
      "Transform": {
        "right": {
          "x": 1.0,
          "y": 0.0,
          "z": 0.0
        },
        "up": {
          "x": 0.0,
          "y": 1.0,
          "z": 0.0
        },
        "forward": {
          "x": 0.0,
          "y": 0.0,
          "z": 1.0
        },
        "trans": {
          "x": 0.0,
          "y": 0.0,
          "z": 0.0
        }
      },
      "Mesh": {
        "PartitionGuid": "959f0c32-3777-a498-2139-2229fe8a518a",
        "InstanceGuid": "756884bb-0845-1873-776a-9f47b612d97c"
      }
    },
    "1d54e846-7e4f-c856-19fb-f697e7844a2c": {
      "$type": "CompositeMeshEntityData",
      "IndexInBlueprint": 65535,
      "IsEventConnectionTarget": 3,
      "IsPropertyConnectionTarget": 3,
      "Transform": {
        "right": {
          "x": 1.0,
          "y": 0.0,
          "z": 0.0
        },
        "up": {
          "x": 0.0,
          "y": 1.0,
          "z": 0.0
        },
        "forward": {
          "x": 0.0,
          "y": 0.0,
          "z": 1.0
        },
        "trans": {
          "x": 0.0,
          "y": 0.0,
          "z": 0.0
        }
      },
      "Mesh": {
        "PartitionGuid": "5d4b8c80-2ea2-c6e0-48be-fe73d4f217f8",
        "InstanceGuid": "c923cfba-6dc4-ee45-9103-e427c168cf6e"
      }
    },
    "1d773a09-b6f4-de90-8921-4a81f6d4661e": {
      "$type": "CompositeMeshEntityData",
      "IndexInBlueprint": 65535,
      "IsEventConnectionTarget": 3,
      "IsPropertyConnectionTarget": 3,
      "Transform": {
        "right": {
          "x": 1.0,
          "y": 0.0,
          "z": 0.0
        },
        "up": {
          "x": 0.0,
          "y": 1.0,
          "z": 0.0
        },
        "forward": {
          "x": 0.0,
          "y": 0.0,
          "z": 1.0
        },
        "trans": {
          "x": 0.0,
          "y": 0.0,
          "z": 0.0
        }
      },
      "Mesh": {
        "PartitionGuid": "cbaf3438-bb1f-18b7-2f95-8dde4ce0a46e",
        "InstanceGuid": "0e1cd02c-1e85-4d55-9639-5e8f77c6760e"
      }
    },
    "1ee3ecf9-7ed3-a2fe-4847-c16a8631bdfb": {
      "$type": "RigidMeshEntityData",
      "IndexInBlueprint": 65535,
      "IsEventConnectionTarget": 3,
      "IsPropertyConnectionTarget": 3,
      "Transform": {
        "right": {
          "x": 1.0,
          "y": 0.0,
          "z": 0.0
        },
        "up": {
          "x": 0.0,
          "y": 1.0,
          "z": 0.0
        },
        "forward": {
          "x": 0.0,
          "y": 0.0,
          "z": 1.0
        },
        "trans": {
          "x": 0.0,
          "y": 0.0,
          "z": 0.0
        }
      },
      "Mesh": {
        "PartitionGuid": "1dfbd8ee-762f-8392-f3f7-c16b69d386ad",
        "InstanceGuid": "176e8411-2d28-7c1f-3e66-6b86b6112ee3"
      }
    },
    "2258ae49-fe42-d179-0aa1-a80c113ab807": {
      "$type": "RigidMeshEntityData",
      "IndexInBlueprint": 65535,
      "IsEventConnectionTarget": 3,
      "IsPropertyConnectionTarget": 3,
      "Transform": {
        "right": {
          "x": 1.0,
          "y": 0.0,
          "z": 0.0
        },
        "up": {
          "x": 0.0,
          "y": 1.0,
          "z": 0.0
        },
        "forward": {
          "x": 0.0,
          "y": 0.0,
          "z": 1.0
        },
        "trans": {
          "x": 0.0,
          "y": 0.0,
          "z": 0.0
        }
      },
      "Mesh": {
        "PartitionGuid": "55becdb7-2886-23e9-67f0-9ce7ae619b06",
        "InstanceGuid": "968bba69-0a0c-41c1-8fa3-d5d0191db263"
      }
    },
    "226e939f-9171-de01-1cd0-82d2aa0628e2": {
      "$type": "InterfaceDescriptorData",
      "Fields": [
        {
          "Value": "LinearTransform ((1,1.625355E-16,8.513756E-10),(3.21457E-15,1,4.569057E-16),(-8.513761E-10,5.792923E-16,1),(2.10726,1.36213,6.926443))",
          "ValueRef": null,
          "Id": -1408501344,
          "AccessType": 1
        },
        {
          "Value": "LinearTransform ((-0.2164504,2.449707E-14,0.9762936),(6.293744E-16,1,-1.433057E-15),(-0.9762936,1.259754E-14,-0.2164504),(-0.4272372,0.005074767,6.98015))",
          "ValueRef": null,
          "Id": -1826454394,
          "AccessType": 1
        },
        {
          "Value": "LinearTransform ((-0.6464124,1.248285E-14,0.7629883),(-6.53188E-16,1,8.618824E-17),(-0.7629883,5.117497E-15,-0.6464124),(-0.4807689,0.004904773,6.978207))",
          "ValueRef": null,
          "Id": 364242233,
          "AccessType": 1
        },
        {
          "Value": "LinearTransform ((1,-3.519923E-24,-7.17584E-15),(6.750138E-24,1,1.188514E-17),(7.17584E-15,4.659706E-17,1),(-3.254233,2.510911,-4.146809))",
          "ValueRef": null,
          "Id": -873723648,
          "AccessType": 1
        },
        {
          "Value": "Boolean True",
          "ValueRef": null,
          "Id": 2089293587,
          "AccessType": 0
        },
        {
          "Value": "",
          "ValueRef": {
            "PartitionGuid": "362c3ed7-e7de-4cfc-af87-b04ad6bd5348",
            "InstanceGuid": "5bb3678e-5ae4-4152-982c-9c93a69b6bc4"
          },
          "Id": 584779651,
          "AccessType": 2
        },
        {
          "Value": "",
          "ValueRef": {
            "PartitionGuid": "3e48640d-eda6-4ad0-88b7-a39b38081b85",
            "InstanceGuid": "ccd80bbf-dba8-47ff-ac12-5e623ee6d5f3"
          },
          "Id": -1009847325,
          "AccessType": 2
        },
        {
          "Value": "",
          "ValueRef": {
            "PartitionGuid": "181b4704-26c0-45f4-977c-248d7c5e82ec",
            "InstanceGuid": "99d6592f-1839-4807-81dd-c0724576261c"
          },
          "Id": 881574214,
          "AccessType": 2
        },
        {
          "Value": "",
          "ValueRef": {
            "PartitionGuid": "3e48640d-eda6-4ad0-88b7-a39b38081b85",
            "InstanceGuid": "ccd80bbf-dba8-47ff-ac12-5e623ee6d5f3"
          },
          "Id": 4492885,
          "AccessType": 2
        },
        {
          "Value": "",
          "ValueRef": {
            "PartitionGuid": "181b4704-26c0-45f4-977c-248d7c5e82ec",
            "InstanceGuid": "99d6592f-1839-4807-81dd-c0724576261c"
          },
          "Id": 1152526173,
          "AccessType": 2
        },
        {
          "Value": "LinearTransform ((1,-5.942155E-17,2.428553E-08),(2.688858E-17,1,-3.554644E-16),(-2.428553E-08,-4.349555E-17,1),(0.3012248,4.538422E-07,-6.756793E-06))",
          "ValueRef": null,
          "Id": 1838274637,
          "AccessType": 1
        },
        {
          "Value": "LinearTransform ((1,-5.942155E-17,2.428553E-08),(2.688858E-17,1,-3.554644E-16),(-2.428553E-08,-4.349555E-17,1),(3.111763,4.528328E-07,-5.993337E-05))",
          "ValueRef": null,
          "Id": -1703082536,
          "AccessType": 1
        },
        {
          "Value": "LinearTransform ((-0.9960647,9.34785E-11,-0.08862925),(-5.139497E-12,1,-8.60334E-12),(0.08862922,-3.143775E-10,-0.9960647),(0.03999908,1.019876E-05,7.130011))",
          "ValueRef": null,
          "Id": -1844257041,
          "AccessType": 1
        },
        {
          "Value": "LinearTransform ((0.9967806,-4.468851E-09,-0.08017713),(-6.921355E-11,1,1.2205E-10),(0.08017719,2.767303E-09,0.9967807),(0.03998769,-7.866136E-05,0.06000462))",
          "ValueRef": null,
          "Id": -1303558084,
          "AccessType": 1
        },
        {
          "Value": "LinearTransform ((0.9777984,9.505049E-11,-0.209548),(8.141368E-17,1,-1.479834E-16),(0.2095481,1.893251E-11,0.9777984),(0.04002225,-9.139923E-05,0.05998606))",
          "ValueRef": null,
          "Id": 358050331,
          "AccessType": 1
        },
        {
          "Value": "LinearTransform ((0.4500898,2.477396E-11,0.8929833),(-8.31984E-17,1,-1.227593E-16),(-0.8929833,-7.598343E-11,0.4500897),(2.519993,1.537577E-07,0.06000544))",
          "ValueRef": null,
          "Id": 2036085758,
          "AccessType": 1
        },
        {
          "Value": "LinearTransform ((-0.6682248,-2.687009E-11,-0.7439593),(-6.815646E-17,1,-5.743369E-16),(0.7439595,5.596076E-11,-0.6682246),(0.03998701,1.74461E-07,7.129972))",
          "ValueRef": null,
          "Id": 1843133384,
          "AccessType": 1
        },
        {
          "Value": "LinearTransform ((0.6416727,2.456168E-14,-0.7669787),(5.254879E-15,1,-2.126226E-15),(0.7669787,-3.787957E-15,0.6416727),(0.03998705,-0.0001014827,0.05998787))",
          "ValueRef": null,
          "Id": 418730693,
          "AccessType": 1
        },
        {
          "Value": "LinearTransform ((0.9982307,-1.231112E-15,0.0594599),(5.254879E-15,1,-2.126226E-15),(-0.0594599,-3.771127E-15,0.9982307),(2.520012,-1.033738E-05,0.05998853))",
          "ValueRef": null,
          "Id": -73815392,
          "AccessType": 1
        },
        {
          "Value": "LinearTransform ((-0.99814,-9.034602E-25,-0.0609637),(2.057465E-31,1,1.028946E-30),(0.0609637,6.593891E-24,-0.99814),(0.0399994,0,7.130001))",
          "ValueRef": null,
          "Id": 504931066,
          "AccessType": 1
        },
        {
          "Value": "LinearTransform ((-0.4831668,7.146542E-23,0.8755283),(1.225312E-30,1,7.256933E-30),(-0.8755283,-8.485803E-23,-0.4831668),(2.519998,0,7.130006))",
          "ValueRef": null,
          "Id": 18070802,
          "AccessType": 1
        },
        {
          "Value": "LinearTransform ((0.999043,6.888127E-25,0.04373773),(2.057465E-31,1,1.028946E-30),(-0.04373773,-4.723877E-24,0.999043),(2.520006,0,0.06000724))",
          "ValueRef": null,
          "Id": 712559692,
          "AccessType": 1
        },
        {
          "Value": "",
          "ValueRef": {
            "PartitionGuid": "362c3ed7-e7de-4cfc-af87-b04ad6bd5348",
            "InstanceGuid": "5bb3678e-5ae4-4152-982c-9c93a69b6bc4"
          },
          "Id": -1030196597,
          "AccessType": 2
        },
        {
          "Value": "",
          "ValueRef": {
            "PartitionGuid": "181b4704-26c0-45f4-977c-248d7c5e82ec",
            "InstanceGuid": "99d6592f-1839-4807-81dd-c0724576261c"
          },
          "Id": 1504738901,
          "AccessType": 2
        },
        {
          "Value": "",
          "ValueRef": {
            "PartitionGuid": "3e48640d-eda6-4ad0-88b7-a39b38081b85",
            "InstanceGuid": "ccd80bbf-dba8-47ff-ac12-5e623ee6d5f3"
          },
          "Id": 356723037,
          "AccessType": 2
        },
        {
          "Value": "",
          "ValueRef": {
            "PartitionGuid": "3e48640d-eda6-4ad0-88b7-a39b38081b85",
            "InstanceGuid": "ccd80bbf-dba8-47ff-ac12-5e623ee6d5f3"
          },
          "Id": -238957077,
          "AccessType": 2
        },
        {
          "Value": "",
          "ValueRef": {
            "PartitionGuid": "18c9f63b-cde9-459c-b916-6794583bbf48",
            "InstanceGuid": "729847d5-0535-4daf-91fa-3d8882cc51fe"
          },
          "Id": 2097203294,
          "AccessType": 2
        },
        {
          "Value": "",
          "ValueRef": {
            "PartitionGuid": "2fab76f8-cc96-11e0-b4b5-89f3f29059a1",
            "InstanceGuid": "621ddb64-1e14-c155-db37-654806418fac"
          },
          "Id": -524548021,
          "AccessType": 2
        },
        {
          "Value": "",
          "ValueRef": {
            "PartitionGuid": "b01dc6e2-cc96-11e0-b4b5-89f3f29059a1",
            "InstanceGuid": "ea6cf85f-45f4-ff09-e408-dbac1e554660"
          },
          "Id": -1509431090,
          "AccessType": 2
        },
        {
          "Value": "",
          "ValueRef": {
            "PartitionGuid": "b01dc6e2-cc96-11e0-b4b5-89f3f29059a1",
            "InstanceGuid": "ea6cf85f-45f4-ff09-e408-dbac1e554660"
          },
          "Id": -138100971,
          "AccessType": 2
        },
        {
          "Value": "",
          "ValueRef": {
            "PartitionGuid": "ce863e8c-cc96-11e0-b4b5-89f3f29059a1",
            "InstanceGuid": "cb77316b-9a52-56f2-88bb-56b3d7ff8895"
          },
          "Id": -1972524117,
          "AccessType": 2
        },
        {
          "Value": "",
          "ValueRef": {
            "PartitionGuid": "ce863e8c-cc96-11e0-b4b5-89f3f29059a1",
            "InstanceGuid": "cb77316b-9a52-56f2-88bb-56b3d7ff8895"
          },
          "Id": -2097483235,
          "AccessType": 2
        },
        {
          "Value": "LinearTransform ((-0.02875273,0,0.9995865),(0,1,0),(-0.9995865,0,-0.02875273),(2.519975,0,7.129987))",
          "ValueRef": null,
          "Id": 1460098834,
          "AccessType": 1
        },
        {
          "Value": "LinearTransform ((0.5041503,0,-0.8636161),(0,1,0),(0.8636161,0,0.5041503),(0.03998773,-9.155273E-05,0.05997214))",
          "ValueRef": null,
          "Id": 1327757801,
          "AccessType": 1
        },
        {
          "Value": "LinearTransform ((0.9442707,0,0.32917),(0,1,0),(-0.32917,0,0.9442707),(2.52,0,0.05997477))",
          "ValueRef": null,
          "Id": 1326619212,
          "AccessType": 1
        },
        {
          "Value": "LinearTransform ((-0.1201815,2.89498E-21,-0.992752),(2.588128E-22,1,9.826556E-22),(0.992752,1.987102E-21,-0.1201814),(0.04000416,-9.155271E-05,0.06000429))",
          "ValueRef": null,
          "Id": 1520820257,
          "AccessType": 1
        },
        {
          "Value": "LinearTransform ((0.9989287,-5.356999E-22,0.04627525),(2.588128E-22,1,9.826556E-22),(-0.04627531,-1.995539E-21,0.9989287),(2.520002,2.677325E-11,0.05999043))",
          "ValueRef": null,
          "Id": 904127172,
          "AccessType": 1
        },
        {
          "Value": "",
          "ValueRef": {
            "PartitionGuid": "18c9f63b-cde9-459c-b916-6794583bbf48",
            "InstanceGuid": "729847d5-0535-4daf-91fa-3d8882cc51fe"
          },
          "Id": -1585585351,
          "AccessType": 2
        },
        {
          "Value": "",
          "ValueRef": {
            "PartitionGuid": "362c3ed7-e7de-4cfc-af87-b04ad6bd5348",
            "InstanceGuid": "5bb3678e-5ae4-4152-982c-9c93a69b6bc4"
          },
          "Id": -1717089369,
          "AccessType": 2
        },
        {
          "Value": "",
          "ValueRef": {
            "PartitionGuid": "181b4704-26c0-45f4-977c-248d7c5e82ec",
            "InstanceGuid": "99d6592f-1839-4807-81dd-c0724576261c"
          },
          "Id": 1546095266,
          "AccessType": 2
        },
        {
          "Value": "",
          "ValueRef": {
            "PartitionGuid": "3e48640d-eda6-4ad0-88b7-a39b38081b85",
            "InstanceGuid": "ccd80bbf-dba8-47ff-ac12-5e623ee6d5f3"
          },
          "Id": -1858992377,
          "AccessType": 2
        },
        {
          "Value": "",
          "ValueRef": {
            "PartitionGuid": "181b4704-26c0-45f4-977c-248d7c5e82ec",
            "InstanceGuid": "99d6592f-1839-4807-81dd-c0724576261c"
          },
          "Id": -95241223,
          "AccessType": 2
        },
        {
          "Value": "",
          "ValueRef": {
            "PartitionGuid": "3e48640d-eda6-4ad0-88b7-a39b38081b85",
            "InstanceGuid": "ccd80bbf-dba8-47ff-ac12-5e623ee6d5f3"
          },
          "Id": -2054623503,
          "AccessType": 2
        },
        {
          "Value": "",
          "ValueRef": null,
          "Id": 1908747787,
          "AccessType": 1
        },
        {
          "Value": "",
          "ValueRef": null,
          "Id": 1176457866,
          "AccessType": 1
        },
        {
          "Value": "",
          "ValueRef": null,
          "Id": 182817903,
          "AccessType": 1
        },
        {
          "Value": "",
          "ValueRef": null,
          "Id": 91220270,
          "AccessType": 1
        },
        {
          "Value": "",
          "ValueRef": null,
          "Id": -2034750405,
          "AccessType": 1
        },
        {
          "Value": "",
          "ValueRef": null,
          "Id": 1817225914,
          "AccessType": 1
        },
        {
          "Value": "",
          "ValueRef": null,
          "Id": 1128769339,
          "AccessType": 1
        },
        {
          "Value": "",
          "ValueRef": null,
          "Id": 629140410,
          "AccessType": 1
        },
        {
          "Value": "",
          "ValueRef": null,
          "Id": 359936447,
          "AccessType": 1
        },
        {
          "Value": "",
          "ValueRef": null,
          "Id": -1020906690,
          "AccessType": 1
        },
        {
          "Value": "",
          "ValueRef": null,
          "Id": 1520200043,
          "AccessType": 1
        },
        {
          "Value": "",
          "ValueRef": null,
          "Id": 554623402,
          "AccessType": 1
        },
        {
          "Value": "",
          "ValueRef": null,
          "Id": 359936446,
          "AccessType": 1
        },
        {
          "Value": "",
          "ValueRef": null,
          "Id": -1020906689,
          "AccessType": 1
        },
        {
          "Value": "",
          "ValueRef": null,
          "Id": 1935437423,
          "AccessType": 1
        },
        {
          "Value": "",
          "ValueRef": null,
          "Id": -1605506514,
          "AccessType": 1
        },
        {
          "Value": "",
          "ValueRef": null,
          "Id": -1137589397,
          "AccessType": 1
        },
        {
          "Value": "",
          "ValueRef": null,
          "Id": -344907094,
          "AccessType": 1
        },
        {
          "Value": "",
          "ValueRef": null,
          "Id": 1935437422,
          "AccessType": 1
        },
        {
          "Value": "",
          "ValueRef": null,
          "Id": -1605506513,
          "AccessType": 1
        },
        {
          "Value": "",
          "ValueRef": null,
          "Id": -1137588374,
          "AccessType": 1
        },
        {
          "Value": "",
          "ValueRef": null,
          "Id": -344899669,
          "AccessType": 1
        },
        {
          "Value": "",
          "ValueRef": null,
          "Id": -1137588373,
          "AccessType": 1
        },
        {
          "Value": "",
          "ValueRef": null,
          "Id": -344899670,
          "AccessType": 1
        },
        {
          "Value": "",
          "ValueRef": null,
          "Id": 359936441,
          "AccessType": 1
        },
        {
          "Value": "",
          "ValueRef": null,
          "Id": -1020906696,
          "AccessType": 1
        },
        {
          "Value": "",
          "ValueRef": null,
          "Id": 1128758973,
          "AccessType": 1
        },
        {
          "Value": "",
          "ValueRef": null,
          "Id": 629138492,
          "AccessType": 1
        },
        {
          "Value": "",
          "ValueRef": null,
          "Id": 1128758972,
          "AccessType": 1
        },
        {
          "Value": "",
          "ValueRef": null,
          "Id": 629138493,
          "AccessType": 1
        },
        {
          "Value": "",
          "ValueRef": null,
          "Id": 857874360,
          "AccessType": 1
        },
        {
          "Value": "",
          "ValueRef": null,
          "Id": -2062950087,
          "AccessType": 1
        },
        {
          "Value": "",
          "ValueRef": null,
          "Id": -137833841,
          "AccessType": 1
        },
        {
          "Value": "",
          "ValueRef": null,
          "Id": 1520200042,
          "AccessType": 1
        },
        {
          "Value": "",
          "ValueRef": null,
          "Id": 1262361358,
          "AccessType": 1
        },
        {
          "Value": "",
          "ValueRef": null,
          "Id": 554623403,
          "AccessType": 1
        },
        {
          "Value": "",
          "ValueRef": null,
          "Id": 222799627,
          "AccessType": 1
        },
        {
          "Value": "",
          "ValueRef": null,
          "Id": 1935438446,
          "AccessType": 1
        },
        {
          "Value": "",
          "ValueRef": null,
          "Id": 321983370,
          "AccessType": 1
        },
        {
          "Value": "",
          "ValueRef": null,
          "Id": -1605499089,
          "AccessType": 1
        },
        {
          "Value": "LinearTransform ((0.9879688,-7.190417E-10,-0.1546539),(-2.839405E-10,1,1.09572E-09),(0.1546539,8.78505E-10,0.9879688),(0.03999781,-8.247543E-05,0.06003679))",
          "ValueRef": null,
          "Id": 994293552,
          "AccessType": 1
        },
        {
          "Value": "LinearTransform ((0.999339,-8.194721E-11,0.03635211),(-1.088943E-10,1,-3.35022E-10),(-0.03635211,-2.528074E-10,0.999339),(2.519989,2.550941E-06,0.05998419))",
          "ValueRef": null,
          "Id": 948157013,
          "AccessType": 1
        },
        {
          "Value": "LinearTransform ((-0.9983776,1.425845E-10,0.05693974),(-3.369368E-10,1,-2.880544E-10),(-0.05693976,-1.18181E-09,-0.9983776),(2.519989,4.668339E-06,7.130003))",
          "ValueRef": null,
          "Id": -1189040501,
          "AccessType": 1
        },
        {
          "Value": "",
          "ValueRef": {
            "PartitionGuid": "362c3ed7-e7de-4cfc-af87-b04ad6bd5348",
            "InstanceGuid": "5bb3678e-5ae4-4152-982c-9c93a69b6bc4"
          },
          "Id": -204013486,
          "AccessType": 2
        },
        {
          "Value": "",
          "ValueRef": {
            "PartitionGuid": "3e48640d-eda6-4ad0-88b7-a39b38081b85",
            "InstanceGuid": "ccd80bbf-dba8-47ff-ac12-5e623ee6d5f3"
          },
          "Id": 759428740,
          "AccessType": 2
        },
        {
          "Value": "",
          "ValueRef": {
            "PartitionGuid": "181b4704-26c0-45f4-977c-248d7c5e82ec",
            "InstanceGuid": "99d6592f-1839-4807-81dd-c0724576261c"
          },
          "Id": 1907462028,
          "AccessType": 2
        },
        {
          "Value": "",
          "ValueRef": {
            "PartitionGuid": "3e48640d-eda6-4ad0-88b7-a39b38081b85",
            "InstanceGuid": "ccd80bbf-dba8-47ff-ac12-5e623ee6d5f3"
          },
          "Id": -50447502,
          "AccessType": 2
        },
        {
          "Value": "",
          "ValueRef": {
            "PartitionGuid": "181b4704-26c0-45f4-977c-248d7c5e82ec",
            "InstanceGuid": "99d6592f-1839-4807-81dd-c0724576261c"
          },
          "Id": 1686981079,
          "AccessType": 2
        },
        {
          "Value": "LinearTransform ((-0.9633437,-3.606851E-23,-0.2682703),(-3.432806E-23,1,-7.778884E-24),(0.2682703,3.124721E-23,-0.9633437),(0.03999313,0,7.130027))",
          "ValueRef": null,
          "Id": -2043866721,
          "AccessType": 1
        },
        {
          "Value": "LinearTransform ((-0.2726475,2.120651E-22,0.962114),(1.328182E-22,1,-8.332285E-23),(-0.962114,1.470411E-23,-0.2726475),(2.520022,0,7.13002))",
          "ValueRef": null,
          "Id": -1934718025,
          "AccessType": 1
        },
        {
          "Value": "LinearTransform ((0.9648994,3.538431E-23,0.2626199),(-3.361388E-23,1,-7.51356E-24),(-0.2626199,-3.047341E-23,0.9648994),(2.520002,0,0.0599982))",
          "ValueRef": null,
          "Id": 1402445545,
          "AccessType": 1
        },
        {
          "Value": "LinearTransform ((-0.7233163,3.622593E-15,-0.6905169),(1.927403E-14,1,1.536922E-14),(0.6905169,-3.611253E-14,-0.7233163),(0.03999136,3.17519E-06,7.129952))",
          "ValueRef": null,
          "Id": -530418500,
          "AccessType": 1
        },
        {
          "Value": "LinearTransform ((0.2029497,-5.598864E-15,-0.9791892),(1.570379E-14,1,9.22589E-15),(0.9791892,-5.470413E-15,0.2029497),(0.03998983,-8.696509E-05,0.05997865))",
          "ValueRef": null,
          "Id": 1079631663,
          "AccessType": 1
        },
        {
          "Value": "LinearTransform ((0.9997315,6.032676E-15,0.02317256),(1.570379E-14,1,9.22589E-15),(-0.02317256,-5.847156E-15,0.9997315),(2.51999,4.947307E-06,0.05998442))",
          "ValueRef": null,
